$ANSIBLE_VAULT;1.1;AES256
63346238646539666136353365666230366463333064356134623265613766376531383462313639
3639363561353731646136366166353830393238363961300a663830376265383332353930333364
38356633393232643337396139363462356430326263373039313838313334323931386434313633
3434643065636439660a393135323930653635353936636364623064386339393036626430316534
61353237393935636337376366356339656335376231633931343039653331313366663166393161
36373031353365386438356237346265336630613035626136323530343034353139613434393630
66383739303762316238373936326235353934396465353134613632363334616463653531393532
32353333346337383934313361336633303464356331376139396164313365316265353966636637
35643562646137633930663133306631346566346133626537343831356638663436616633313162
36636163353564663438373339613839386632333631353135653339326433653663323438646131
31343435653735396237653836653466343535353462333635643963623863376266393334613932
35663661636530386536386266656239353939623530393533623238383537303733366436346362
36356464363538363634363030376162336536613535623066386363346162383463373834306465
39336639323462353834316161666564656562623832623636376361366134333134646164656338
39313936613537353436653663383663306363353363623238633439383464333862363662376365
39663530616435613331636465633266303833633730323033393538363261333065316533663561
64656632336261613337663762623035346539653462613861626139346663646237613363613864
39383433613864323831656561396433656231383434383165313966626234333437643938646538
64653337366462663164373036323663643265323962393866313430653739656633383039653465
31616537656537326632623464613635666138383962646639626431616632616233643533383730
61313263646339386261653065393664373366353035396562383832666134313033396638353433
32666237346165383030656162626237613030623439653930323331663838303336373261373333
36356639663339623966366461303163393963623534323931323535623438313664666631356537
37366636653838623636
