$ANSIBLE_VAULT;1.1;AES256
66616466613134336130663538386562393233303666303133323864356333656361623939663264
6430313561353964396237333733616435613766653861610a393230316637396332376331653434
32333136306137373434313765343763636330653464326139306663666634343030613461633966
3330366564626134660a653966656366316366613131363063316234333664613233373630353265
30386237656436353038366639313536363836393435316134663031666335343338663861356234
37343165333034646537353662346266386438383835303937326337653264373034313439396463
38643437306633353063363030333930653164353562653731653230656261336632656163303564
36626165366131373664656434343134383333346130363331383163306634396231366665323864
33633431633832623763373433393765383762663363656332366164663233393566343966616136
37313732386338393266336531353632646261346133303630666462383530356134303531313066
39623930343631326631656561623637623361633662303434353763656331373862356165376465
62356638636463383836643332313662376433303862366165666633393931313731303537356637
3864
