$ANSIBLE_VAULT;1.1;AES256
38303830356434393932373430626132373338376265653039663639313237636430636138636537
3164323838636538313432333031353335303033336630650a383334653361316635636566383833
35376364333731366430313236663862643933306365663266663764336161346666346532343665
6233336465366166330a383937383635633262303632333465393537646666343736303066663361
39666430303163666135666634323037633265346535383938383832326233663238313265636365
65393738623461636630646533356239633663393161383263346437633464353632653363613662
37666264353336643836363130333035646432346566303131646164346538343538653161313132
39646564613433323233306335363834303934663739343461616535343131616239346663353665
62323531356235656535343863373736376163373030646135663561383261333332643866303536
30353933356562353662656537363364373138643761323339313134343063633265656163656536
34393537616434396438653035396537633561666330356163643836356632633338363737363833
31393463373237643834633265303861393863663166343630373735653730393364303139313137
63643638613066646634356430393461333231616633346136333537633965666463353865363231
3366303961393064666535336264333337333732653666343961
