$ANSIBLE_VAULT;1.1;AES256
37653166666431646366376666393133306163616133613937373531343834616338643365373233
6261663064353864363565613236393338353564393138330a613433616232383335383630343162
38383637393639353237323031383731333865356337636435653639383232636639396239626466
6538373265343432350a366663393139616165643035323835663166343865363666306635306366
38653231653436666136313836306237623962663139306535653938653939303562653331393563
31613432303233626334396465386531353238383463633161626662373034393534306337313064
63373633316562356466656433376332366135373061303865396365363637373131613039636437
34646433343934323961636531386638336330383362646537313436623663656666383830656261
32343064616434613933656231363165343631626530656661666335643833303763666265306636
33666339623666316439653861386563336634616536363430316366383938326161643236353365
65623332633631643130363338386537663663363631666333356433303232396264333835333739
36353465353632653065353136633862383331646632633234653862626564353162366165646364
33386262326239383139383039643133366463636466626534343563623536303835346538393065
65346663393737613238626562323435313734303232613662316132343333633834366530396334
63613863396132353438653063663862343462363735353466366638626462356364363433326466
62373865653564323431373436333730396539653039353961316565626263643232613164326531
39323961616161393561366235363861663864333335313938396461653439303536356437633938
37353964326132616231633964383037643765366565633139393333626232643439313364646536
34396639613531353164613531346335343162303439346463386261336438323637646237613338
61613434303539353438336463393666633131656630626464316337343636353033376663356161
63346132353037656461303839656237373134376464323562386231363732396637353632373062
66653538333764303461383432666466366435623938616462356238633236373835636430363961
346262666536363938646563633163326531
