$ANSIBLE_VAULT;1.1;AES256
65373130386432303231613264316239663166663163363531363131663037303837373037666232
3632623833326261376566343731353335616465653338620a336437356666373564383939356561
35306534393963643539336331366236336435333666396362343239653831353536376463313165
3630343330356363300a343939643538653138646336353563653163333430366132636137663564
35616230373165316236643064613837353635386365326566376663336330373361623036623664
33343962323432326431363037653963316234646331313933396266666433363235616138383732
39366164303934653637346432396635346264643766333234306434623230653266353038633733
62633531386530303965393134383833616339646232353736373732376665373035393831623436
38373331313766663361356435333939303033613466633332643261353831313834623330626337
66346331353335316465336634376532643663343238346136633964383038666335373931336465
37616136656663376261643934373532383231356136306165353261323532613636306432343261
39356137353832303930343232666165323335396261303765633564343864383466633232386235
37666437663835633165333332333666393136616530343138633736616264313732396364333637
33376363343564376637663763396561376633623030623164323538623233373137386139366236
33366265303163643461373033356238633136336333313338343561346239613036373932376262
33373237623039393834666634656361313431653936616231303537306634616566396533336535
33393934303263636565666461353565383365633832323232643233326661643038
